     A10GvIZ* C2022 03 07.11970310 26 12.49 -31 40 11.6          18.76cVNEOCPW68
     A10GvIZ  C2022 03 07.12311110 26 12.32 -31 40 11.5          19.00cVNEOCPW68
     A10GvIZ  C2022 03 07.12829610 26 12.13 -31 40 09.1          19.10cVNEOCPW68
     A10GvIZ  C2022 03 07.16571110 26 10.55 -31 39 57.4          18.52cVNEOCPW68
     A10GvIZ mC2022 03 07.28544910 26 05.65 -31 39 23.6                VNEOCPI52
     A10GvIZ KC2022 03 07.28578 10 26 05.53 -31 39 22.2          18.3 GVNEOCPW95
     A10GvIZ KC2022 03 07.29100 10 26 05.30 -31 39 20.4          18.5 GVNEOCPW95
     A10GvIZ mC2022 03 07.29408210 26 05.24 -31 39 20.3          18.22GVNEOCPI52
     A10GvIZ KC2022 03 07.29621 10 26 05.07 -31 39 18.8          18.6 GVNEOCPW95
     A10GvIZ mC2022 03 07.30219610 26 04.87 -31 39 18.2          18.64GVNEOCPI52
     A10GvIZ mC2022 03 07.31150110 26 04.49 -31 39 15.1          18.77GVNEOCPI52
     A10GvIZ KC2022 03 07.50549 10 25 56.51 -31 38 15.4          18.6 RqNEOCPE94
     A10GvIZ KC2022 03 07.52581 10 25 55.66 -31 38 09.3          18.7 RqNEOCPE94
     A10GvIZ KC2022 03 07.53598 10 25 55.23 -31 38 06.2          18.6 RqNEOCPE94
     A10GvIZ  C2022 03 08.01803810 25 35.37 -31 35 39.3          18.9 GVNEOCPW86
     A10GvIZ  C2022 03 08.01973710 25 35.30 -31 35 38.7          18.8 GVNEOCPW86
     A10GvIZ  C2022 03 08.02143210 25 35.23 -31 35 38.3          18.8 GVNEOCPW86
     A10GvIZ  C2022 03 08.02312710 25 35.16 -31 35 37.8          18.9 GVNEOCPW86
     A10GvIZ KC2022 03 08.04363510 25 34.27 -31 35 31.8          19.4 GXNEOCPY00
     A10GvIZ KC2022 03 08.05017910 25 34.03 -31 35 29.7          19.2 GXNEOCPY00
     A10GvIZ KC2022 03 08.05652910 25 33.77 -31 35 27.7          18.6 GXNEOCPY00
     A10GvIZ 1C2022 03 08.20961 10 25 27.42 -31 34 40.4          18.2 GVNEOCPW88
     A10GvIZ 1C2022 03 08.23481 10 25 26.30 -31 34 32.8          18.1 GVNEOCPW88
     A10GvIZ LC2022 03 09.22926 10 24 45.41 -31 29 25.0          18.6 GVNEOCPH06
     A10GvIZ LC2022 03 09.23138 10 24 45.32 -31 29 24.5          18.5 GVNEOCPH06
     A10GvIZ KC2022 03 09.35694 10 24 40.19 -31 28 43.7          19.2 RqNEOCPE94
     A10GvIZ KC2022 03 09.38570 10 24 38.99 -31 28 35.2          19.3 RqNEOCPE94
     A10GvIZ KC2022 03 09.41451 10 24 37.77 -31 28 25.3          19.4 RqNEOCPE94
     A10GvIZ KC2022 03 09.44329 10 24 36.57 -31 28 16.2          19.2 RqNEOCPE94
     A10GvIZ KC2022 03 09.62658 10 24 29.03 -31 27 20.2          18.0 RqNEOCPQ11
     A10GvIZ KC2022 03 09.63633 10 24 28.62 -31 27 17.3                qNEOCPQ11
     A10GvIZ KC2022 03 09.93059010 24 16.59 -31 25 43.9          18.5 GVNEOCP587
     A10GvIZ KC2022 03 09.93166710 24 16.55 -31 25 43.2          18.7 GVNEOCP587
     A10GvIZ %C2022 03 10.11735 10 24 08.95 -31 24 42.8          18.5 GVNEOCPW88
     A10GvIZ %C2022 03 10.12576 10 24 08.61 -31 24 40.0          18.4 GVNEOCPW88
     A10GvIZ 1C2022 03 10.19508 10 24 05.75 -31 24 17.9          18.0 GVNEOCPW88
     A10GvIZ 1C2022 03 10.22999 10 24 04.28 -31 24 06.8          18.1 GVNEOCPW88
     A10GvIZ KC2022 03 10.31890 10 24 00.64 -31 23 37.5          18.2 GVNEOCPX02
     A10GvIZ KC2022 03 10.33639 10 23 59.89 -31 23 32.3          18.0 GVNEOCPX02
     A10GvIZ KC2022 03 10.35438 10 23 59.14 -31 23 26.4          18.9 GVNEOCPX02
     A10GvIZ 1C2022 03 10.42348 10 23 56.45 -31 23 04.6                VNEOCPQ62
     A10GvIZ 1C2022 03 10.42682 10 23 56.31 -31 23 03.6                VNEOCPQ62
     A10GvIZ 1C2022 03 10.43016 10 23 56.16 -31 23 02.5          18.6 GVNEOCPQ62
     A10GvIZ KC2022 03 11.34465 10 23 18.85 -31 18 05.8          18.3 RqNEOCPE94
     A10GvIZ KC2022 03 11.36579 10 23 17.95 -31 17 58.7          18.3 RqNEOCPE94
     A10GvIZ KC2022 03 11.38595 10 23 17.09 -31 17 52.4          18.2 RqNEOCPE94
     A10GvIZ KC2022 03 12.03105 10 22 50.85 -31 14 20.1          18.7 VqNEOCPI47
     A10GvIZ KC2022 03 12.04016 10 22 50.47 -31 14 16.9          18.5 VqNEOCPI47
     A10GvIZ KC2022 03 12.04430 10 22 50.38 -31 14 16.5          18.6 VqNEOCPI47