Primary target: NGC 3532
Exposure time: 20 s
Filter: R
Observation date/time: 2021-08-06 23:43:54
JD: 2459433.48882
Decimal date: 2021-08-06.98882
R.A.: 11:05:25.84
Dec.: -58:46:52.40
Airmass: -
Calibration: BDF
Apeture radius: 4 pixels
File name: 637639350583551883-stacked.fts




Star	IM	Max	SNR	X	Y	Sky	Air	B-V	R-mag	Target estimate	Active		
100	-8.721	4644	277	1719.918	1816.942	163	1.720	0.192	9.988	18.709	True		
100_1	-8.879	5581	302	1549.805	1772.020	164	1.718	0.132	10.011	18.890	True		
100_2	-9.305	6798	372	1491.226	674.087	161	1.719	0.772	9.582	18.887	True		
100_3	-8.877	5384	303	1430.593	520.704	159	1.718	0.116	9.997	18.874	True		
100_4	-8.832	5059	296	1067.882	1894.808	160	1.711	0.113	10.013	18.845	True		
100_5	-8.890	5306	304	599.193	1327.943	159	1.705	0.097	10.000	18.890	True		
100_6	-8.895	4880	306	571.442	1350.683	157	1.705	0.153	9.975	18.870	True		
100_7	-9.121	6721	338	297.207	209.997	163	1.702	0.209	9.807	18.928	True		
101	-8.804	5014	289	1923.717	1965.763	164	1.723	0.232	10.058	18.862	True		
101_1	-8.738	4669	281	1944.235	418.815	157	1.726	0.158	10.088	18.826	True		
101_10	-8.849	5233	296	619.487	1494.915	160	1.705	0.124	10.023	18.872	True		
101_11	-8.850	5398	298	169.378	1240.944	158	1.699	0.103	10.070	18.920	True		
101_12	-8.840	4455	295	87.619	382.780	161	1.699	-0.050	10.058	18.898	True		
101_2	-8.696	4357	279	1852.334	552.437	155	1.725	0.005	10.181	18.877	True		
101_3	-8.766	4697	286	1766.147	842.756	157	1.723	0.100	10.081	18.847	True		
101_4	-8.673	4328	272	1478.613	1463.854	162	1.718	0.159	10.036	18.709	True		
101_5	-9.457	8768	401	1417.361	602.721	161	1.718	1.199	9.466	18.923	True		
101_6	-8.803	4775	292	1313.284	863.590	162	1.716	0.258	10.019	18.822	True		
101_7	-8.768	5087	286	1196.001	352.037	155	1.715	0.232	10.027	18.795	True		
101_8	-8.831	5036	297	1165.691	1779.294	162	1.712	0.126	10.045	18.876	True		
101_9	-8.808	5132	292	1061.598	562.895	158	1.713	0.099	10.065	18.873	True		
102	-8.755	5477	286	1940.327	116.879	158	1.727	0.113	10.153	18.908	True		
102_1	-9.014	5562	325	1558.306	571.759	159	1.720	0.536	9.886	18.900	True		
102_2	-8.651	4015	270	1550.034	1227.958	162	1.719	0.144	10.185	18.836	True		
102_3	-8.680	4106	274	1284.780	232.281	155	1.717	0.158	10.186	18.866	True		
102_5	-8.937	5010	309	1096.268	1402.861	162	1.712	0.654	9.929	18.866	True		
102_6	-8.628	4243	264	775.306	999.793	163	1.708	0.141	10.197	18.825	True		
102_7	-8.761	4720	283	662.837	91.842	161	1.708	0.080	10.136	18.897	True		
102_8	-8.873	4815	302	561.180	1306.746	159	1.704	0.384	10.031	18.904	True		
102_9	-8.687	4136	271	315.311	1667.712	158	1.700	0.134	10.179	18.866	True		
103_1	-8.621	4394	268	1733.388	539.956	158	1.723	0.165	10.275	18.896	True		
103_3	-8.605	3959	265	1483.651	586.562	158	1.719	0.171	10.257	18.862	True		
103_4	-8.573	3646	260	1389.120	1942.846	161	1.715	0.186	10.308	18.881	True		
103_5	-8.551	4145	258	893.315	1290.223	165	1.709	0.178	10.267	18.818	True		
103_6	-8.675	4537	274	299.559	441.860	159	1.702	0.139	10.268	18.943	True		
103_7	-9.011	5514	322	134.761	1542.553	159	1.698	0.683	9.936	18.947	True		
104	-8.534	3754	246	1183.596	1553.857	164	1.713	0.179	10.306	18.840	True		
104_1	-8.491	3486	251	1089.246	1036.516	163	1.713	0.155	10.328	18.819	True		
105	-8.354	3512	234	1404.932	1036.818	164	1.717	0.211	10.499	18.853	True		
105_1	-8.407	3440	233	1115.259	1086.709	167	1.713	0.231	10.402	18.809	True		
105_2	-8.482	3595	248	838.402	478.622	159	1.710	0.182	10.397	18.879	True		
105_3	-8.482	3646	250	719.988	447.828	156	1.708	0.243	10.417	18.899	True		
105_4	-8.964	6201	311	418.019	1643.927	156	1.702	0.891	9.994	18.958	True		
105_5	-8.519	3905	251	135.714	1064.620	155	1.699	0.136	10.402	18.921	True		
105_6	-8.344	3172	226	122.786	1134.906	157	1.698	0.001	10.484	18.828	True		
106	-8.283	2904	227	1775.445	689.746	156	1.723	0.191	10.577	18.860	True		
106_1	-8.344	3206	231	1596.691	1481.867	162	1.719	0.205	10.511	18.855	True		
106_2	-8.345	2964	234	623.198	934.550	160	1.706	0.197	10.518	18.863	True		
107	-8.822	4983	290	1945.908	1815.929	162	1.724	1.222	10.082	18.904	True		
107_1	-8.370	3368	237	1720.111	1433.945	160	1.721	0.370	10.520	18.890	True		
107_2	-8.189	2722	215	1532.717	1367.620	164	1.718	0.235	10.646	18.835	True		
107_3	-8.279	3261	222	922.484	1628.823	161	1.709	0.245	10.548	18.827	True		
107_4	-8.222	2737	217	621.717	1064.647	158	1.706	0.232	10.595	18.817	True		
107_5	-8.229	2682	215	594.519	1389.614	158	1.705	0.027	10.644	18.873	True		
107_6	-8.904	4987	307	548.896	237.997	161	1.706	1.168	10.059	18.963	True		
107_7	-8.412	3430	237	516.230	1584.905	158	1.703	0.357	10.504	18.916	True		
108	-8.152	2936	213	1433.374	488.850	157	1.719	0.224	10.719	18.871	True		
108_1	-8.334	3140	233	1075.605	595.345	158	1.713	0.416	10.553	18.887	True		
108_2	-8.175	2751	214	833.174	435.557	156	1.710	0.206	10.718	18.893	True		
108_3	-8.247	2854	221	682.132	1412.469	158	1.706	0.333	10.603	18.850	True		
108_4	-8.244	2835	219	384.071	983.693	155	1.702	0.209	10.653	18.897	True		
109	-8.418	3329	234	1808.210	1940.487	161	1.722	0.822	10.446	18.864	True		
109_1	-8.572	3822	261	1607.940	550.796	156	1.721	1.011	10.354	18.926	True		
109_2	-8.290	2956	226	1398.725	1614.626	159	1.716	0.517	10.588	18.878	True		
109_3	-8.121	2576	205	1255.812	312.319	156	1.716	0.227	10.766	18.887	True		
109_4	-8.086	2647	201	1199.744	1942.230	159	1.713	0.285	10.770	18.856	True		
109_5	-8.006	2343	193	1124.690	1745.640	160	1.712	0.286	10.797	18.803	True		
109_6	-8.520	3413	253	616.869	145.492	156	1.707	0.946	10.430	18.950	True		
109_7	-8.171	2712	214	532.348	939.045	155	1.705	0.284	10.737	18.908	True		
109_8	-8.502	3525	251	500.727	1617.602	158	1.703	0.888	10.434	18.936	True		
109_9	-8.166	2718	213	287.668	1707.889	155	1.700	0.261	10.766	18.932	True		
79	-11.335	47620	943	1617.544	1235.964	167	1.720	0.607	7.545	18.880	True		
79_1	-11.710	55260	1125	1389.741	1203.400	173	1.717	1.552	7.100	18.810	True		
80	-10.828	29857	748	1735.409	1340.859	167	1.722	0.004	8.032	18.860	True		
80_1	-10.790	28946	748	1368.296	735.614	165	1.717	-0.078	8.066	18.856	True		
81	-10.644	24955	696	1576.792	1350.613	170	1.719	0.025	8.193	18.837	True		
81_1	-10.655	27051	691	1358.480	1292.919	168	1.716	0.020	8.184	18.839	True		
82	-11.491	52378	1025	697.688	825.280	169	1.707	1.512	7.415	18.906	True		
82_1	-10.620	24246	690	527.899	1735.867	161	1.703	-0.012	8.287	18.907	True		
83	-10.543	21913	666	1745.805	296.532	163	1.723	0.027	8.304	18.847	True		
83_1	-10.498	24294	650	1352.349	1056.923	167	1.716	0.004	8.341	18.839	True		
83_2	-10.120	14406	530	1138.970	932.295	169	1.713	0.008	8.316	18.436	True		
83_3	-10.528	20452	648	547.094	1196.641	163	1.704	0.011	8.331	18.859	True		
84	-10.321	18723	601	1003.587	1045.786	170	1.711	-0.072	8.509	18.830	True		
84_1	-10.444	21467	632	913.867	1692.841	166	1.709	-0.003	8.443	18.887	True		
84_2	-10.409	21123	625	885.844	1257.757	169	1.709	0.074	8.425	18.834	True		
84_3	-10.502	21314	653	342.791	1310.892	162	1.701	-0.009	8.404	18.906	True		
85	-10.293	19579	590	918.531	977.067	165	1.710	0.022	8.549	18.842	True		
86	-10.267	19437	585	1226.379	1387.954	167	1.714	-0.011	8.552	18.819	True		
86_1	-10.174	15200	559	661.711	1269.493	165	1.706	0.008	8.676	18.850	True		
88	-10.059	14117	531	1069.069	1535.713	164	1.711	0.065	8.783	18.842	True		
88_1	-10.053	15731	526	881.467	1461.917	165	1.709	0.046	8.810	18.863	True		
88_2	-10.128	16296	548	208.469	587.747	160	1.701	0.035	8.796	18.924	True		
89	-9.931	13198	500	1128.675	1237.605	165	1.713	0.046	8.894	18.825	True		
89_1	-9.870	12753	477	805.376	662.002	164	1.709	-0.016	8.971	18.841	True		
89_2	-9.938	14163	502	796.482	1328.227	165	1.708	0.131	8.900	18.838	True		
89_3	-9.994	14570	511	544.073	275.839	163	1.706	0.004	8.920	18.914	True		
89_4	-9.991	15041	513	142.406	1834.870	170	1.698	-0.008	8.940	18.931	True		
89_5	-9.985	13402	513	82.714	1508.819	156	1.697	-0.077	8.947	18.932	True		
90	-9.873	12893	486	1865.057	761.832	159	1.724	0.033	8.998	18.871	True		
90_1	-9.824	11586	477	1788.671	1403.821	163	1.722	0.104	9.052	18.876	True		
90_2	-9.886	13001	484	1034.371	1521.610	165	1.711	0.115	8.975	18.861	True		
90_3	-9.920	12904	499	586.260	483.690	162	1.706	0.025	8.975	18.895	True		
90_4	-9.940	13006	496	343.026	604.017	162	1.702	0.119	8.983	18.923	True		
91	-9.693	10583	445	1456.712	1112.697	165	1.718	0.036	9.126	18.819	True		
91_1	-9.646	10728	439	1032.124	704.790	159	1.712	0.009	9.194	18.840	True		
91_2	-9.834	12519	477	233.427	1572.865	158	1.699	0.055	9.087	18.921	True		
92_1	-9.927	13930	499	1881.790	1400.515	164	1.724	0.399	8.980	18.907	True		
92_2	-9.543	9910	415	1279.836	1376.221	166	1.715	0.071	9.250	18.793	True		
92_3	-9.610	9393	429	1247.208	1553.957	163	1.714	0.040	9.232	18.842	True		
92_4	-9.565	9414	420	820.475	1136.615	164	1.708	0.068	9.231	18.796	True		
92_5	-9.712	10253	451	539.067	662.560	161	1.705	0.030	9.170	18.882	True		
93	-9.548	10170	418	1315.623	1163.179	164	1.716	0.053	9.296	18.844	True		
94	-9.393	8106	388	1872.053	1310.705	161	1.724	0.024	9.469	18.862	True		
94_1	-9.384	8008	387	1713.317	1610.877	161	1.721	0.031	9.483	18.867	True		
94_2	-9.431	7543	396	1266.232	353.644	160	1.716	0.008	9.429	18.860	True		
94_3	-9.987	13332	507	1251.914	1617.106	166	1.714	1.063	8.920	18.907	True		
94_4	-9.304	7014	373	1027.679	1160.651	167	1.711	0.110	9.413	18.717	True		
94_5	-9.506	9339	409	411.548	511.809	161	1.704	-0.007	9.412	18.918	True		
95	-9.311	7613	373	1680.766	1639.801	162	1.720	0.063	9.558	18.869	True		
95_1	-9.221	7603	349	1456.818	1505.981	166	1.717	0.149	9.502	18.723	True		
95_2	-9.350	8744	380	1310.548	1111.994	165	1.716	0.087	9.498	18.848	True		
95_3	-9.315	8340	376	1171.712	716.240	161	1.714	0.035	9.526	18.841	True		
95_4	-9.370	7851	386	735.522	1603.977	158	1.706	0.022	9.507	18.877	True		
95_5	-9.388	7834	387	305.828	544.868	159	1.702	0.039	9.522	18.910	True		
96	-9.320	7262	373	751.586	1771.796	161	1.706	0.144	9.571	18.891	True		
96_1	-9.181	6849	352	628.874	1346.249	160	1.705	0.097	9.608	18.789	True		
96_2	-9.317	7914	373	531.647	1477.214	157	1.704	0.072	9.583	18.900	True		
96_3	-9.287	7003	367	496.887	1165.730	160	1.704	0.137	9.560	18.847	True		
97	-9.183	5621	349	1841.092	107.729	157	1.725	0.024	9.692	18.875	True		
97_1	-9.125	7269	342	1468.545	1240.261	163	1.718	0.091	9.705	18.830	True		
97_2	-9.170	6303	350	883.578	77.533	159	1.711	0.042	9.721	18.891	True		
97_3	-9.095	5853	331	837.711	1286.605	163	1.708	0.100	9.689	18.784	True		
97_4	-9.179	7028	351	602.661	996.215	161	1.706	0.175	9.688	18.867	True		
97_5	-9.167	6626	349	588.627	1520.989	158	1.704	0.074	9.730	18.897	True		
97_6	-9.200	6853	355	284.461	1517.365	159	1.700	0.057	9.706	18.906	True		
98	-9.046	5818	328	1644.559	1568.759	162	1.720	0.127	9.819	18.865	True		
98_1	-9.084	6475	336	1507.708	1614.398	161	1.718	0.124	9.780	18.864	True		
98_2	-9.016	5629	324	1327.235	1523.666	163	1.715	0.097	9.821	18.837	True		
98_3	-9.041	6528	329	1083.673	862.906	162	1.713	0.086	9.786	18.827	True		
98_4	-9.155	6918	346	268.578	1009.939	160	1.701	0.093	9.759	18.914	True		
99_1	-9.695	11800	449	783.713	471.706	161	1.709	1.280	9.270	18.965	True		
99_2	-9.327	7615	375	494.395	1094.191	159	1.704	0.598	9.595	18.922	True		
99_3	-8.971	6041	316	361.777	1404.764	157	1.701	0.060	9.937	18.908	True		
