Primary target: NGC 3532
Exposure time: 20 s
Filter: B
Observation date/time: 2021-08-06 23:45:55
JD: 2459433.49022
Decimal date: 2021-08-06.99022
R.A.: 11:05:25.85
Dec.: -58:46:52.35
Airmass: -
Calibration: BDF
Apeture radius: 4 pixels
File name: 637639350416527601-stacked.fts




Star	IM	Max	SNR	X	Y	Sky	Air	B-V	B-mag	Target estimate	Active		
100	-9.406	7352	386	1718.916	1817.403	175	1.731	0.192	10.282	19.688	True		
100_1	-9.614	9168	434	1548.723	1772.628	175	1.729	0.132	10.181	19.795	True		
100_2	-9.101	5777	338	1489.760	674.605	176	1.730	0.772	10.815	19.916	True		
100_3	-9.618	9152	434	1429.033	521.346	174	1.729	0.116	10.173	19.791	True		
100_4	-9.606	10057	431	1066.626	1895.447	175	1.722	0.113	10.186	19.792	True		
100_5	-9.645	9834	439	597.879	1328.461	176	1.716	0.097	10.159	19.804	True		
100_6	-9.565	9296	422	570.281	1351.091	176	1.715	0.153	10.236	19.801	True		
100_7	-9.660	10774	439	295.999	210.417	174	1.713	0.209	10.210	19.870	True		
101	-9.356	7445	379	1922.044	1966.203	178	1.734	0.232	10.428	19.784	True		
101_1	-9.461	8316	399	1942.549	419.141	179	1.737	0.158	10.353	19.814	True		
101_10	-9.558	9085	420	618.409	1495.476	178	1.716	0.124	10.228	19.786	True		
101_11	-9.544	8961	417	168.183	1241.358	174	1.710	0.103	10.270	19.814	True		
101_12	-9.762	11147	463	86.300	383.159	173	1.710	-0.050	10.056	19.818	True		
101_2	-9.599	9980	428	1850.716	552.855	180	1.736	0.005	10.200	19.799	True		
101_3	-9.512	8649	411	1764.742	843.208	178	1.734	0.100	10.233	19.745	True		
101_4	-9.424	7741	394	1477.064	1464.423	175	1.728	0.159	10.278	19.702	True		
101_5	-8.725	4039	281	1415.662	603.334	175	1.729	1.199	11.321	20.046	True		
101_6	-9.326	7048	377	1311.920	864.048	172	1.727	0.258	10.426	19.752	True		
101_7	-9.321	7634	375	1194.456	352.308	174	1.726	0.232	10.425	19.746	True		
101_8	-9.550	9237	420	1164.087	1779.575	174	1.723	0.126	10.246	19.796	True		
101_9	-9.539	9254	417	1060.268	563.382	176	1.724	0.099	10.224	19.763	True		
102	-9.469	8445	403	1938.828	117.433	180	1.738	0.113	10.352	19.821	True		
102_1	-9.141	6221	345	1556.609	572.125	177	1.731	0.536	10.753	19.894	True		
102_2	-9.366	7906	382	1548.617	1228.264	178	1.730	0.144	10.384	19.750	True		
102_3	-9.346	8168	378	1283.253	233.068	175	1.728	0.158	10.453	19.799	True		
102_5	-8.927	5279	312	1094.654	1403.369	175	1.723	0.654	10.946	19.873	True		
102_6	-9.344	7592	376	773.955	1000.312	176	1.719	0.141	10.410	19.754	True		
102_7	-9.527	8747	412	661.318	92.397	171	1.719	0.080	10.298	19.825	True		
102_8	-9.165	6595	348	560.049	1306.723	173	1.715	0.384	10.679	19.844	True		
102_9	-9.372	7600	379	314.088	1667.737	178	1.711	0.134	10.424	19.796	True		
103_1	-9.288	6880	370	1731.888	540.502	179	1.734	0.165	10.528	19.816	True		
103_3	-9.245	6447	360	1482.077	587.201	177	1.730	0.171	10.536	19.781	True		
103_4	-9.239	6719	361	1387.741	1942.792	178	1.726	0.186	10.582	19.821	True		
103_5	-9.192	6466	353	892.262	1290.512	177	1.720	0.178	10.544	19.736	True		
103_6	-9.318	7384	375	298.398	442.276	173	1.713	0.139	10.537	19.855	True		
103_7	-8.890	5520	303	133.598	1542.584	174	1.709	0.683	11.078	19.968	True		
104	-9.183	6344	345	1182.039	1554.092	173	1.724	0.179	10.579	19.762	True		
104_1	-9.145	6794	345	1087.934	1036.951	174	1.723	0.155	10.594	19.739	True		
105	-8.964	4931	317	1403.773	1037.531	174	1.728	0.211	10.804	19.768	True		
105_1	-8.994	5361	319	1113.788	1086.928	175	1.724	0.231	10.761	19.755	True		
105_2	-9.093	6016	337	836.925	479.225	172	1.721	0.182	10.709	19.802	True		
105_3	-8.977	5285	319	718.523	448.251	170	1.719	0.243	10.838	19.815	True		
105_4	-8.568	3656	255	416.643	1644.332	173	1.712	0.891	11.415	19.983	True		
105_5	-9.191	6444	351	134.537	1065.011	172	1.709	0.136	10.653	19.844	True		
105_6	-9.213	6756	354	121.333	1135.322	173	1.709	0.001	10.548	19.761	True		
106	-8.930	4851	309	1773.692	690.088	174	1.734	0.191	10.879	19.809	True		
106_1	-8.974	5718	319	1595.576	1482.143	173	1.730	0.205	10.808	19.782	True		
106_2	-8.952	5955	313	621.835	934.940	171	1.717	0.197	10.852	19.804	True		
107	-8.134	2722	205	1944.603	1816.228	176	1.735	1.222	11.932	20.066	True		
107_1	-8.722	4635	281	1718.714	1434.210	175	1.732	0.370	11.102	19.824	True		
107_2	-8.767	4378	287	1531.198	1368.298	179	1.729	0.235	10.996	19.763	True		
107_3	-8.852	4857	299	921.003	1629.392	176	1.720	0.245	10.950	19.802	True		
107_4	-8.804	5013	293	620.496	1065.226	171	1.717	0.232	10.998	19.802	True		
107_5	-9.029	6341	318	593.193	1390.116	179	1.716	0.027	10.763	19.792	True		
107_6	-8.219	2839	217	547.675	238.670	171	1.717	1.168	11.886	20.105	True		
107_7	-8.764	4422	283	514.905	1585.303	175	1.714	0.357	11.097	19.861	True		
108	-8.719	4201	281	1431.797	489.487	174	1.730	0.224	11.082	19.801	True		
108_1	-8.595	3703	264	1074.140	595.969	170	1.724	0.416	11.242	19.837	True		
108_2	-8.759	4313	285	831.839	436.009	171	1.721	0.206	11.057	19.816	True		
108_3	-8.675	4435	273	680.745	1412.484	178	1.717	0.333	11.168	19.843	True		
108_4	-8.813	4775	293	382.858	984.078	169	1.713	0.209	11.024	19.837	True		
109	-8.081	2519	196	1806.805	1940.509	175	1.733	0.822	11.749	19.830	True		
109_1	-8.105	2670	205	1606.617	551.091	174	1.732	1.011	11.919	20.024	True		
109_2	-8.401	3310	238	1397.240	1614.732	175	1.727	0.517	11.437	19.838	True		
109_3	-8.659	4425	273	1254.443	312.976	175	1.727	0.227	11.159	19.818	True		
109_4	-8.617	4231	265	1198.496	1942.458	174	1.723	0.285	11.216	19.833	True		
109_5	-8.548	3821	257	1123.527	1745.763	174	1.723	0.286	11.272	19.820	True		
109_6	-8.083	2503	200	615.577	145.819	172	1.718	0.946	11.945	20.028	True		
109_7	-8.537	3889	255	530.986	939.357	171	1.715	0.284	11.275	19.812	True		
109_8	-8.193	2871	212	499.643	1617.606	170	1.714	0.888	11.838	20.031	True		
109_9	-8.638	3987	268	286.463	1708.313	173	1.710	0.261	11.223	19.861	True		
79	-11.329	42483	959	1616.020	1236.549	186	1.731	0.607	8.513	19.842	True		
79_1	-10.618	24568	690	1388.348	1203.942	183	1.728	1.552	9.490	20.108	True		
80	-11.657	50807	1113	1733.842	1341.331	189	1.733	0.004	8.026	19.683	True		
80_1	-11.686	52542	1128	1366.745	735.911	183	1.728	-0.078	7.941	19.627	True		
81	-11.490	50322	1038	1575.014	1351.074	184	1.730	0.025	8.214	19.704	True		
81_1	-11.490	46747	1027	1356.951	1293.503	184	1.727	0.020	8.197	19.687	True		
82	-10.404	19956	627	696.564	825.657	174	1.718	1.512	9.763	20.167	True		
82_1	-11.490	50583	1032	526.476	1736.236	183	1.714	-0.012	8.285	19.775	True		
83	-11.411	49856	998	1744.579	296.844	181	1.735	0.027	8.386	19.797	True		
83_1	-11.356	43155	972	1350.852	1057.507	186	1.727	0.004	8.334	19.690	True		
83_2	-11.011	33553	820	1137.508	932.559	178	1.724	0.008	8.355	19.366	True		
83_3	-11.388	49415	970	545.857	1197.039	178	1.715	0.011	8.374	19.762	True		
84	-11.285	44166	946	1001.985	1046.147	184	1.722	-0.072	8.405	19.690	True		
84_1	-11.345	45559	970	912.834	1693.499	181	1.720	-0.003	8.430	19.775	True		
84_2	-11.187	40102	900	884.626	1258.395	182	1.720	0.074	8.545	19.732	True		
84_3	-11.354	44818	973	341.583	1311.293	185	1.712	-0.009	8.424	19.778	True		
85	-11.130	36646	874	917.276	977.482	181	1.721	0.022	8.585	19.715	True		
86	-11.155	38569	888	1224.956	1388.280	182	1.725	-0.011	8.555	19.710	True		
86_1	-11.054	38236	848	660.525	1270.029	181	1.717	0.008	8.700	19.754	True		
88	-10.886	29420	785	1067.719	1535.645	181	1.722	0.065	8.880	19.766	True		
88_1	-10.876	27966	774	879.899	1462.198	180	1.720	0.046	8.877	19.753	True		
88_2	-10.908	31308	793	207.220	588.175	175	1.711	0.035	8.915	19.823	True		
89	-10.768	30498	743	1127.270	1238.143	181	1.724	0.046	8.957	19.725	True		
89_1	-10.769	28434	737	803.754	662.344	178	1.720	-0.016	8.964	19.733	True		
89_2	-10.647	25466	703	795.260	1328.514	181	1.719	0.131	9.112	19.759	True		
89_3	-10.839	28834	765	542.794	276.527	177	1.717	0.004	8.969	19.808	True		
89_4	-10.857	28288	772	141.174	1835.299	189	1.708	-0.008	8.973	19.830	True		
89_5	-10.930	31673	798	81.732	1509.221	179	1.708	-0.077	8.878	19.808	True		
90	-10.737	28963	731	1863.675	762.140	183	1.736	0.033	9.051	19.788	True		
90_1	-10.583	20372	680	1787.109	1404.354	182	1.733	0.104	9.198	19.781	True		
90_2	-10.631	26056	692	1032.930	1521.721	179	1.722	0.115	9.144	19.775	True		
90_3	-10.758	27797	739	584.885	484.222	175	1.717	0.025	9.043	19.801	True		
90_4	-10.639	26573	698	341.839	604.416	175	1.713	0.119	9.212	19.851	True		
91	-10.556	23602	669	1455.407	1113.156	177	1.729	0.036	9.163	19.719	True		
91_1	-10.523	22026	662	1030.614	705.235	176	1.723	0.009	9.208	19.731	True		
91_2	-10.622	22776	691	231.865	1573.193	178	1.710	0.055	9.210	19.832	True		
92_1	-10.236	17117	579	1880.359	1400.948	181	1.735	0.399	9.609	19.845	True		
92_2	-10.352	17880	612	1278.551	1376.471	180	1.726	0.071	9.354	19.706	True		
92_3	-10.489	20772	653	1245.587	1554.432	181	1.725	0.040	9.267	19.756	True		
92_4	-10.360	19449	613	819.110	1137.148	181	1.719	0.068	9.354	19.714	True		
92_5	-10.549	22297	671	537.855	662.940	174	1.716	0.030	9.246	19.795	True		
93	-10.352	19051	612	1313.968	1163.372	180	1.727	0.053	9.355	19.707	True		
94	-10.280	16312	591	1870.858	1311.490	179	1.735	0.024	9.489	19.769	True		
94_1	-10.250	16610	584	1711.534	1611.406	180	1.732	0.031	9.522	19.772	True		
94_2	-10.324	18038	604	1264.488	354.307	174	1.727	0.008	9.452	19.776	True		
94_3	-9.472	8433	403	1250.980	1617.456	175	1.725	1.063	10.535	20.007	True		
94_4	-10.083	15285	539	1026.488	1160.607	180	1.722	0.110	9.603	19.686	True		
94_5	-10.366	19646	615	410.365	512.197	177	1.714	-0.007	9.429	19.795	True		
95	-10.153	16215	555	1679.617	1640.099	177	1.731	0.063	9.621	19.774	True		
95_1	-9.936	12270	494	1455.698	1506.679	178	1.728	0.149	9.739	19.675	True		
95_2	-10.101	14725	544	1308.912	1112.322	178	1.727	0.087	9.622	19.723	True		
95_3	-10.150	16377	557	1170.247	716.860	174	1.725	0.035	9.571	19.721	True		
95_4	-10.236	17712	580	733.989	1604.251	177	1.717	0.022	9.547	19.783	True		
95_5	-10.191	16533	567	304.625	545.226	173	1.713	0.039	9.633	19.824	True		
96	-9.977	14091	510	750.584	1772.045	178	1.717	0.144	9.812	19.789	True		
96_1	-10.004	14964	520	627.829	1346.648	177	1.716	0.097	9.792	19.796	True		
96_2	-10.096	15317	543	530.386	1477.536	179	1.714	0.072	9.705	19.801	True		
96_3	-9.952	12383	506	495.691	1166.116	176	1.714	0.137	9.819	19.771	True		
97	-10.033	12817	526	1839.597	108.176	179	1.736	0.024	9.770	19.803	True		
97_1	-9.907	12742	497	1466.778	1240.468	180	1.729	0.091	9.827	19.734	True		
97_2	-9.972	13208	510	882.428	77.884	178	1.722	0.042	9.824	19.796	True		
97_3	-9.888	13384	489	836.425	1287.190	177	1.719	0.100	9.854	19.742	True		
97_4	-9.829	11938	474	601.463	996.537	172	1.716	0.175	9.973	19.802	True		
97_5	-9.942	13005	505	587.626	1521.678	177	1.715	0.074	9.859	19.801	True		
97_6	-10.001	14253	517	282.917	1517.692	177	1.711	0.057	9.825	19.826	True		
98	-9.789	10943	469	1643.130	1569.222	178	1.731	0.127	9.990	19.779	True		
98_1	-9.822	11993	478	1505.946	1614.535	177	1.729	0.124	9.945	19.767	True		
98_2	-9.828	12307	478	1325.965	1524.017	176	1.726	0.097	9.944	19.772	True		
98_3	-9.799	10490	473	1082.329	863.353	174	1.724	0.086	9.910	19.709	True		
98_4	-9.855	11691	485	267.575	1010.637	170	1.711	0.093	9.955	19.810	True		
99_1	-8.854	5006	299	782.482	472.282	169	1.720	1.280	11.242	20.096	True		
99_2	-9.349	7607	382	493.192	1094.486	172	1.715	0.598	10.555	19.904	True		
99_3	-9.756	10473	461	360.589	1405.397	174	1.712	0.060	10.046	19.802	True		
