Primary target: NGC 3532
Exposure time: 20 s
Filter: V
Observation date/time: 2021-08-06 23:45:09
JD: 2459433.48969
Decimal date: 2021-08-06.98969
R.A.: 11:05:25.84
Dec.: -58:46:52.40
Airmass: -
Calibration: BDF
Apeture radius: 4 pixels
File name: 637639350793387988-stacked.fts




Star	IM	Max	SNR	X	Y	Sky	Air	B-V	V-mag	Target estimate	Active		
100	-9.256	8085	358	1720.850	1816.969	171	1.727	0.192	10.090	19.346	True		
100_1	-9.425	8849	393	1550.801	1772.329	167	1.725	0.132	10.049	19.474	True		
100_2	-9.284	8172	369	1491.911	674.503	165	1.726	0.772	10.043	19.327	True		
100_3	-9.395	8647	388	1430.929	520.848	166	1.725	0.116	10.057	19.452	True		
100_4	-9.396	8587	388	1068.676	1895.165	167	1.717	0.113	10.073	19.469	True		
100_5	-9.421	8657	393	599.682	1328.052	161	1.712	0.097	10.062	19.483	True		
100_6	-9.381	7714	386	571.958	1350.783	162	1.711	0.153	10.083	19.464	True		
100_7	-9.520	9987	407	297.914	210.185	162	1.709	0.209	10.001	19.521	True		
101	-9.217	6852	352	1924.120	1966.034	170	1.730	0.232	10.196	19.413	True		
101_1	-9.262	8241	360	1944.661	418.925	168	1.733	0.158	10.195	19.457	True		
101_10	-9.365	9495	380	620.090	1495.164	164	1.712	0.124	10.104	19.469	True		
101_11	-9.366	8963	381	169.954	1241.278	162	1.706	0.103	10.167	19.533	True		
101_12	-9.465	8059	400	87.922	382.831	163	1.706	-0.050	10.106	19.571	True		
101_2	-9.308	8546	372	1852.850	552.618	170	1.731	0.005	10.195	19.503	True		
101_3	-9.277	8242	366	1766.831	842.844	169	1.730	0.100	10.133	19.410	True		
101_4	-9.214	6730	354	1478.879	1463.969	167	1.724	0.159	10.119	19.333	True		
101_5	-9.138	7546	343	1417.872	603.063	163	1.725	1.199	10.122	19.260	True		
101_6	-9.214	7429	356	1313.938	863.788	163	1.723	0.258	10.168	19.382	True		
101_7	-9.180	7503	349	1196.539	352.044	163	1.722	0.232	10.193	19.373	True		
101_8	-9.357	9139	382	1166.211	1779.607	165	1.719	0.126	10.120	19.477	True		
101_9	-9.332	9201	376	1062.166	563.052	162	1.720	0.099	10.125	19.457	True		
102	-9.282	8160	366	1940.734	116.979	171	1.734	0.113	10.239	19.521	True		
102_1	-9.179	7859	350	1558.870	572.072	165	1.727	0.536	10.217	19.396	True		
102_2	-9.174	6628	347	1550.688	1228.048	165	1.726	0.144	10.240	19.414	True		
102_3	-9.151	6327	344	1285.294	232.758	165	1.724	0.158	10.295	19.446	True		
102_5	-9.046	6977	328	1096.828	1403.170	161	1.719	0.654	10.292	19.338	True		
102_6	-9.129	6475	338	775.969	1000.096	164	1.715	0.141	10.269	19.398	True		
102_7	-9.317	8445	370	663.373	92.132	163	1.715	0.080	10.218	19.535	True		
102_8	-9.126	6463	341	561.982	1306.700	161	1.711	0.384	10.295	19.421	True		
102_9	-9.190	6605	349	315.994	1667.714	164	1.707	0.134	10.290	19.480	True		
103_1	-9.117	7007	337	1733.803	540.084	170	1.730	0.165	10.363	19.480	True		
103_3	-9.069	5822	329	1484.179	586.897	163	1.726	0.171	10.365	19.434	True		
103_4	-9.095	7155	335	1389.851	1942.827	167	1.722	0.186	10.396	19.491	True		
103_5	-9.042	6967	327	894.045	1290.516	163	1.716	0.178	10.366	19.408	True		
103_6	-9.145	7096	344	300.336	442.113	162	1.709	0.139	10.398	19.543	True		
103_7	-9.012	6030	321	135.425	1542.627	164	1.704	0.683	10.395	19.407	True		
104	-9.029	5687	320	1184.081	1553.901	164	1.720	0.179	10.400	19.429	True		
104_1	-8.952	5751	314	1089.792	1036.679	160	1.719	0.155	10.439	19.391	True		
105	-8.804	5041	291	1405.609	1037.117	163	1.724	0.211	10.593	19.397	True		
105_1	-8.838	4949	294	1116.005	1086.887	162	1.720	0.231	10.530	19.368	True		
105_2	-8.930	5986	306	838.984	478.747	161	1.717	0.182	10.527	19.457	True		
105_3	-8.864	5926	302	720.775	447.782	160	1.715	0.243	10.595	19.459	True		
105_4	-8.824	5522	291	418.789	1643.848	162	1.708	0.891	10.524	19.348	True		
105_5	-8.992	6129	316	136.475	1064.697	163	1.705	0.136	10.517	19.509	True		
105_6	-8.921	5459	303	123.171	1134.949	159	1.705	0.001	10.547	19.468	True		
106	-8.779	5368	287	1775.923	690.078	167	1.730	0.191	10.688	19.467	True		
106_1	-8.826	5061	294	1597.599	1481.980	166	1.726	0.205	10.603	19.429	True		
106_2	-8.782	4953	289	623.835	934.714	159	1.713	0.197	10.655	19.437	True		
107	-8.565	3884	255	1946.606	1816.062	170	1.731	1.222	10.710	19.275	True		
107_1	-8.682	4795	273	1720.782	1434.042	165	1.728	0.370	10.732	19.414	True		
107_2	-8.639	3969	266	1533.010	1367.892	166	1.725	0.235	10.761	19.400	True		
107_3	-8.699	4236	271	923.078	1629.160	164	1.716	0.245	10.705	19.404	True		
107_4	-8.633	4394	264	622.227	1064.914	161	1.712	0.232	10.766	19.399	True		
107_5	-8.745	4648	277	595.184	1389.912	162	1.711	0.027	10.736	19.481	True		
107_6	-8.601	4371	263	549.598	238.207	165	1.713	1.168	10.718	19.319	True		
107_7	-8.691	4490	272	516.869	1585.101	162	1.710	0.357	10.740	19.431	True		
108	-8.593	4458	262	1433.692	488.988	162	1.725	0.224	10.858	19.451	True		
108_1	-8.556	3985	258	1076.175	595.690	160	1.720	0.416	10.826	19.382	True		
108_2	-8.631	4902	269	833.884	435.522	159	1.717	0.206	10.851	19.482	True		
108_3	-8.598	4365	260	682.900	1412.471	162	1.713	0.333	10.835	19.433	True		
108_4	-8.682	5020	274	384.823	983.685	158	1.709	0.209	10.815	19.497	True		
109	-8.343	3256	220	1808.815	1940.713	166	1.728	0.822	10.927	19.270	True		
109_1	-8.403	3635	238	1608.640	550.851	165	1.728	1.011	10.908	19.311	True		
109_2	-8.439	3620	240	1399.260	1614.552	164	1.723	0.517	10.920	19.359	True		
109_3	-8.512	3772	250	1256.212	312.575	164	1.723	0.227	10.932	19.444	True		
109_4	-8.505	4149	248	1200.286	1942.554	164	1.719	0.285	10.931	19.436	True		
109_5	-8.410	3657	239	1125.230	1745.581	164	1.719	0.286	10.986	19.396	True		
109_6	-8.367	3593	233	617.616	145.546	162	1.714	0.946	10.999	19.366	True		
109_7	-8.468	4022	245	532.928	939.179	158	1.711	0.284	10.991	19.459	True		
109_8	-8.418	3637	236	501.469	1617.649	161	1.710	0.888	10.950	19.368	True		
109_9	-8.535	4034	252	288.566	1708.034	162	1.706	0.261	10.962	19.497	True		
79	-11.420	52149	994	1617.865	1236.085	171	1.727	0.607	7.906	19.326	True		
79_1	-11.215	44655	911	1390.272	1203.755	173	1.723	1.552	7.938	19.153	True		
80	-11.425	52726	995	1735.991	1341.188	176	1.728	0.004	8.022	19.447	True		
80_1	-11.415	51592	997	1368.944	735.636	171	1.724	-0.078	8.019	19.434	True		
81	-11.253	44864	928	1577.105	1350.874	174	1.726	0.025	8.189	19.442	True		
81_1	-11.251	48032	919	1359.025	1293.250	170	1.723	0.020	8.177	19.428	True		
82	-10.962	37031	808	698.313	825.571	164	1.714	1.512	8.251	19.213	True		
82_1	-11.235	47617	920	528.673	1735.947	168	1.710	-0.012	8.297	19.532	True		
83	-11.123	41361	876	1746.277	296.698	175	1.730	0.027	8.359	19.482	True		
83_1	-11.103	43623	865	1352.673	1057.089	168	1.723	0.004	8.330	19.433	True		
83_2	-10.700	27573	709	1139.576	932.400	166	1.720	0.008	8.347	19.047	True		
83_3	-11.125	43939	863	547.872	1196.810	169	1.711	0.011	8.363	19.488	True		
84	-10.946	32762	806	1004.006	1045.921	169	1.718	-0.072	8.477	19.423	True		
84_1	-11.048	38073	841	914.725	1693.062	170	1.716	-0.003	8.433	19.481	True		
84_2	-10.936	35797	798	886.644	1258.068	170	1.716	0.074	8.471	19.407	True		
84_3	-11.082	40236	857	343.559	1310.977	169	1.708	-0.009	8.433	19.515	True		
85	-10.869	36288	775	919.154	977.187	163	1.717	0.022	8.563	19.432	True		
86	-10.863	31683	776	1226.998	1388.157	170	1.721	-0.011	8.566	19.429	True		
86_1	-10.764	29426	739	662.206	1269.743	166	1.713	0.008	8.692	19.456	True		
88	-10.637	28310	700	1069.796	1535.745	168	1.718	0.065	8.815	19.452	True		
88_1	-10.610	23761	684	881.932	1462.031	167	1.715	0.046	8.831	19.441	True		
88_2	-10.663	24357	705	208.887	587.852	166	1.707	0.035	8.880	19.543	True		
89	-10.506	22277	657	1129.127	1237.744	164	1.720	0.046	8.911	19.417	True		
89_1	-10.496	25417	645	805.818	662.105	165	1.716	-0.016	8.980	19.476	True		
89_2	-10.458	25449	641	797.049	1328.526	165	1.714	0.131	8.981	19.439	True		
89_3	-10.594	27725	681	544.714	276.062	171	1.713	0.004	8.965	19.559	True		
89_4	-10.575	23709	676	142.979	1835.229	177	1.704	-0.008	8.981	19.556	True		
89_5	-10.612	27106	688	83.665	1508.907	166	1.704	-0.077	8.955	19.567	True		
90	-10.454	22163	639	1865.729	761.927	169	1.731	0.033	9.018	19.472	True		
90_1	-10.372	19015	616	1789.380	1404.024	172	1.729	0.104	9.094	19.466	True		
90_2	-10.394	21476	619	1034.905	1521.758	169	1.718	0.115	9.029	19.423	True		
90_3	-10.513	26716	660	586.768	483.763	166	1.713	0.025	9.018	19.531	True		
90_4	-10.446	22899	638	343.697	604.244	166	1.709	0.119	9.093	19.539	True		
91	-10.297	19497	593	1457.595	1112.826	169	1.725	0.036	9.127	19.424	True		
91_1	-10.260	21447	585	1032.824	704.787	163	1.719	0.009	9.199	19.459	True		
91_2	-10.384	20552	619	233.774	1573.019	166	1.706	0.055	9.155	19.539	True		
92_1	-10.191	17570	567	1882.427	1400.756	170	1.730	0.399	9.210	19.401	True		
92_2	-10.103	15708	543	1280.356	1376.526	168	1.721	0.071	9.283	19.386	True		
92_3	-10.237	20001	576	1247.868	1554.223	166	1.721	0.040	9.227	19.464	True		
92_4	-10.126	15746	547	821.129	1136.903	162	1.715	0.068	9.286	19.412	True		
92_5	-10.295	19093	596	539.710	662.701	167	1.712	0.030	9.216	19.511	True		
93	-10.121	18792	548	1316.089	1163.509	166	1.722	0.053	9.302	19.423	True		
94	-10.017	15914	521	1872.709	1311.048	171	1.730	0.024	9.465	19.482	True		
94_1	-9.986	15027	514	1713.831	1611.215	169	1.728	0.031	9.491	19.477	True		
94_2	-10.042	16804	528	1266.805	353.753	164	1.723	0.008	9.444	19.486	True		
94_3	-9.819	12231	473	1252.780	1617.041	165	1.721	1.063	9.472	19.291	True		
94_4	-9.834	12628	478	1028.248	1160.602	166	1.718	0.110	9.493	19.327	True		
94_5	-10.096	14993	540	412.082	511.897	164	1.710	-0.007	9.436	19.532	True		
95	-9.925	13930	499	1681.631	1639.950	169	1.727	0.063	9.558	19.483	True		
95_1	-9.755	11842	454	1457.745	1506.386	166	1.724	0.149	9.590	19.345	True		
95_2	-9.888	15014	491	1311.126	1112.135	164	1.722	0.087	9.535	19.423	True		
95_3	-9.883	14274	491	1172.281	716.594	161	1.721	0.035	9.536	19.419	True		
95_4	-9.952	12939	506	735.993	1604.075	160	1.713	0.022	9.525	19.477	True		
95_5	-9.941	13997	503	306.578	544.899	165	1.709	0.039	9.594	19.535	True		
96	-9.785	12544	466	752.559	1771.872	165	1.713	0.144	9.668	19.453	True		
96_1	-9.757	12649	463	629.826	1346.408	162	1.712	0.097	9.695	19.452	True		
96_2	-9.867	14431	484	532.194	1477.523	163	1.710	0.072	9.633	19.500	True		
96_3	-9.728	10567	455	497.587	1165.774	161	1.710	0.137	9.682	19.410	True		
97	-9.751	10271	459	1841.608	107.894	171	1.732	0.024	9.746	19.497	True		
97_1	-9.690	11948	447	1468.925	1240.606	167	1.725	0.091	9.736	19.426	True		
97_2	-9.735	11614	455	884.195	77.519	165	1.718	0.042	9.782	19.517	True		
97_3	-9.647	10402	436	838.134	1286.904	166	1.715	0.100	9.754	19.401	True		
97_4	-9.648	11308	439	603.269	996.541	160	1.712	0.175	9.798	19.446	True		
97_5	-9.710	11586	452	589.640	1521.320	162	1.711	0.074	9.785	19.495	True		
97_6	-9.751	12116	461	284.841	1517.699	163	1.707	0.057	9.768	19.519	True		
98	-9.592	9178	426	1645.173	1569.030	168	1.727	0.127	9.863	19.455	True		
98_1	-9.632	11031	436	1508.152	1614.725	166	1.724	0.124	9.821	19.453	True		
98_2	-9.591	9892	427	1327.799	1523.808	166	1.722	0.097	9.847	19.438	True		
98_3	-9.575	10664	424	1084.039	863.034	161	1.720	0.086	9.824	19.399	True		
98_4	-9.656	10990	440	269.390	1010.207	161	1.707	0.093	9.862	19.518	True		
99_1	-9.316	8249	374	784.162	471.967	164	1.716	1.280	9.962	19.278	True		
99_2	-9.446	9675	397	494.932	1094.536	159	1.710	0.598	9.957	19.403	True		
99_3	-9.516	9738	410	362.540	1405.080	161	1.708	0.060	9.986	19.502	True		
